name: GEO413_GraphQL
channels:
  - conda-forge
  - defaults
dependencies:
  - anyio=4.0.0=pyhd8ed1ab_0
  - ariadne=0.20.1=pyhd8ed1ab_0
  - backoff=2.2.1=pyhd8ed1ab_0
  - blinker=1.6.2=pyhd8ed1ab_0
  - bzip2=1.0.8=h8ffe710_4
  - ca-certificates=2023.7.22=h56e8100_0
  - click=8.1.7=win_pyh7428d3b_0
  - colorama=0.4.6=pyhd8ed1ab_0
  - exceptiongroup=1.1.3=pyhd8ed1ab_0
  - flask=2.3.3=pyhd8ed1ab_0
  - flask-cors=4.0.0=pyhd8ed1ab_0
  - flask-sqlalchemy=3.0.3=pyhd8ed1ab_0
  - gql=3.4.1=pyhd8ed1ab_0
  - greenlet=2.0.2=py311h12c1d0e_1
  - idna=3.4=pyhd8ed1ab_0
  - importlib-metadata=6.8.0=pyha770c72_0
  - itsdangerous=2.1.2=pyhd8ed1ab_0
  - jinja2=3.1.2=pyhd8ed1ab_1
  - krb5=1.21.2=heb0366b_0
  - libexpat=2.5.0=h63175ca_1
  - libffi=3.4.2=h8ffe710_5
  - libiconv=1.17=h8ffe710_0
  - libpq=15.4=h43585b0_0
  - libsqlite=3.43.0=hcfcfb64_0
  - libxml2=2.11.5=hc3477c8_1
  - libzlib=1.2.13=hcfcfb64_5
  - markupsafe=2.1.3=py311ha68e1ae_0
  - multidict=6.0.4=py311ha68e1ae_0
  - openssl=3.1.2=hcfcfb64_0
  - pip=23.2.1=pyhd8ed1ab_0
  - postgresql=15.4=hc80876b_0
  - psycopg2=2.9.7=py311hb12f294_0
  - python=3.11.5=h2628c8c_0_cpython
  - python_abi=3.11=3_cp311
  - setuptools=68.1.2=pyhd8ed1ab_0
  - six=1.16.0=pyh6c4a22f_0
  - sniffio=1.3.0=pyhd8ed1ab_0
  - sqlalchemy=2.0.20=py311ha68e1ae_0
  - starlette=0.31.1=pyhd8ed1ab_0
  - tk=8.6.12=h8ffe710_0
  - typing-extensions=4.7.1=hd8ed1ab_0
  - typing_extensions=4.7.1=pyha770c72_0
  - tzdata=2023c=h71feb2d_0
  - ucrt=10.0.22621.0=h57928b3_0
  - vc=14.3=h64f974e_17
  - vc14_runtime=14.36.32532=hdcecf7f_17
  - vs2015_runtime=14.36.32532=h05e6639_17
  - werkzeug=2.3.7=pyhd8ed1ab_0
  - wheel=0.41.2=pyhd8ed1ab_0
  - xz=5.2.6=h8d14728_0
  - yarl=1.9.2=py311ha68e1ae_0
  - zipp=3.16.2=pyhd8ed1ab_0
  - zlib=1.2.13=hcfcfb64_5
  - pip:
    - graphql-core==3.0.6
    - psycopg2-binary==2.9.7
prefix: C:\Users\natas\anaconda3\envs\GEO413_GraphQL
